0.0422562893082
0.405070754717
0.412932389937
0.447327044025
0.431407232704
0.465408805031
0.46481918239
0.472287735849
0.472091194969
0.477397798742
0.468553459119
0.409591194969
0.490566037736
0.494889937107
0.475235849057
0.496658805031
0.484669811321
0.486438679245
0.520833333333
0.524960691824
0.40251572327
0.540094339623
0.38266509434
0.594929245283
0.703419811321
0.670794025157
0.676493710692
0.718160377358
0.69516509434
0.742531446541
0.568003144654
0.697720125786
0.715408805031
0.710495283019
0.719143081761
0.627948113208
0.503537735849
0.550511006289
0.751768867925
0.617924528302
0.410573899371
0.811910377358
0.640133647799
0.815055031447
0.449488993711
0.623820754717
0.813089622642
0.839426100629
0.850235849057
0.851022012579
0.850628930818
0.810338050314
0.86320754717
0.874410377358
0.869693396226
0.838246855346
0.813482704403
0.736045597484
0.518474842767
0.710691823899
0.827633647799
0.861045597484
0.764544025157
0.566627358491
0.931996855346
0.958922955975
0.956564465409
0.804048742138
0.400157232704
0.95695754717
0.861438679245
0.911949685535
0.958726415094
0.869693396226
0.911949685535
0.889740566038
0.848073899371
0.956171383648
0.924921383648
0.967177672956
0.943396226415
0.778301886792
0.548545597484
0.890330188679
0.792649371069
0.939465408805
0.484080188679
0.634237421384
0.705385220126
0.459709119497
0.642099056604
0.975825471698
0.612028301887
0.778105345912
0.947720125786
0.538718553459
0.917452830189
0.965408805031
0.562696540881
0.531839622642
0.376179245283
0.354363207547
0.605149371069
0.690448113208
0.479166666667
0.475235849057
0.595322327044
0.868710691824
0.942610062893
0.689465408805
0.969929245283
0.821737421384
0.974842767296
0.67963836478
0.884040880503
0.467963836478
0.389740566038
0.357507861635
0.42570754717
0.476808176101
0.932389937107
0.973270440252
0.973860062893
0.953812893082
0.472877358491
0.403498427673
0.471305031447
0.483687106918
0.508254716981
0.725432389937
0.634630503145
0.950275157233
0.973860062893
0.977397798742
0.930621069182
0.832350628931
0.943985849057
0.853577044025
0.616548742138
0.478183962264
0.930031446541
0.971698113208
0.693396226415
0.415880503145
0.397602201258
0.0489386792453
0.0365566037736
0.0273191823899
0.0231918238994
0.0389150943396
0.0229952830189
0.0257468553459
0.0239779874214
0.0210298742138
0.0341981132075
0.0212264150943
0.0540487421384
0.0593553459119
0.0595518867925
0.0585691823899
0.0591588050314
0.0591588050314
0.0402908805031
0.0552279874214
0.0210298742138
0.0306603773585
0.0283018867925
0.0283018867925
0.0218160377358
0.0397012578616
0.0224056603774
0.0206367924528
0.0302672955975
0.0294811320755
0.374606918239
0.980935534591
0.975235849057
0.978577044025
0.842570754717
0.376768867925
0.744889937107
0.880110062893
0.689465408805
0.617727987421
0.413718553459
0.334512578616
0.42177672956
0.574882075472
0.963443396226
0.964229559748
0.652712264151
0.809158805031
0.631289308176
0.845715408805
0.71501572327
0.623231132075
0.53498427673
0.801493710692
0.807979559748
0.900746855346
0.584316037736
0.724646226415
0.576454402516
0.382468553459
0.993121069182
0.988797169811
0.684944968553
0.99233490566
0.959119496855
0.709512578616
0.950668238994
0.676886792453
0.982311320755
0.939072327044
0.935338050314
0.988993710692
0.973270440252
0.782232704403
0.753341194969
0.549724842767
0.949685534591
0.962264150943
0.970715408805
0.974842767296
0.977004716981
0.469929245283
0.838050314465
0.978380503145
0.956171383648
0.563089622642
0.562303459119
0.956171383648
0.972287735849
0.989779874214
0.924921383648
0.938482704403
0.938875786164
0.735259433962
0.977790880503
0.489976415094
0.840408805031
0.584905660377
0.92197327044
0.99606918239
0.682979559748
0.564465408805
0.586281446541
0.721894654088
0.988011006289
0.987617924528
0.859080188679
0.747838050314
0.393278301887
0.986045597484
0.709905660377
0.536360062893
0.794811320755
0.98427672956
0.951454402516
0.96875
0.948309748428
0.981525157233
0.979363207547
0.830974842767
0.53518081761
0.671383647799
0.931603773585
0.69143081761
0.503537735849
0.990566037736
0.391509433962
0.75
0.852987421384
0.909198113208
0.926297169811
0.890133647799
0.963050314465
0.624606918239
0.81643081761
0.985259433962
0.935927672956
0.530267295597
0.959316037736
0.967570754717
0.994300314465
0.990762578616
0.957743710692
0.905267295597
0.99233490566
0.804441823899
0.983883647799
0.941823899371
0.870676100629
0.959316037736
0.519850628931
0.939072327044
0.984080188679
0.810927672956
0.724449685535
0.940644654088
0.925511006289
0.857704402516
0.952830188679
0.976022012579
0.978577044025
0.969536163522
0.975039308176
0.97641509434
0.98447327044
0.953419811321
0.836871069182
0.923545597484
0.983294025157
0.984669811321
0.884040880503
0.969929245283
0.99213836478
0.983294025157
0.936320754717
0.846698113208
0.529481132075
0.664308176101
0.759827044025
0.990762578616
0.946933962264
0.981525157233
0.917059748428
0.505110062893
0.895440251572
0.991352201258
0.635220125786
0.565448113208
0.51572327044
0.990959119497
0.982900943396
0.979559748428
0.991352201258
0.984866352201
0.87126572327
0.740762578616
0.669614779874
0.976022012579
0.658018867925
0.944575471698
0.981132075472
0.680621069182
0.73840408805
0.856525157233
0.965408805031
0.992727987421
0.994496855346
0.513954402516
0.558372641509
0.635023584906
0.878341194969
0.959905660377
0.923349056604
0.440448113208
0.982507861635
0.653694968553
0.80090408805
0.920400943396
0.92177672956
0.930424528302
0.905070754717
0.986635220126
0.987617924528
0.990566037736
0.428066037736
0.503144654088
0.506485849057
0.924921383648
0.930817610063
0.493907232704
0.905856918239
0.924921383648
0.771029874214
0.852987421384
0.760416666667
0.62893081761
0.697130503145
0.793435534591
0.759237421384
0.643474842767
0.856525157233
0.881289308176
0.632468553459
0.756092767296
0.690055031447
0.924921383648
0.926690251572
0.92177672956
0.924921383648
0.929048742138
0.511399371069
0.493317610063
0.440841194969
0.973860062893
0.971108490566
0.582547169811
0.970125786164
0.51572327044
0.427869496855
0.447916666667
0.297562893082
0.373231132075
0.752358490566
0.777712264151
0.823309748428
0.875
0.549921383648
0.739583333333
0.922955974843
0.030463836478
0.0524764150943
0.0568003144654
0.0544418238994
0.0471698113208
0.030070754717
0.0481525157233
0.825275157233
0.927869496855
0.886202830189
0.752555031447
0.685534591195
0.792059748428
0.858490566038
0.89465408805
0.772602201258
0.745283018868
0.403694968553
0.329009433962
0.452633647799
0.41804245283
0.708726415094
0.981525157233
0.614190251572
0.418238993711
0.96875
0.993907232704
0.971698113208
0.729952830189
0.392099056604
0.618514150943
0.883058176101
0.059748427673
0.921580188679
0.970322327044
0.957940251572
0.868514150943
0.989976415094
0.991352201258
0.810141509434
0.906446540881
0.424135220126
0.809551886792
0.969929245283
0.991548742138
0.990959119497
0.977004716981
0.994103773585
0.986045597484
0.963639937107
0.975235849057
0.928066037736
0.974449685535
0.967374213836
0.934355345912
0.967570754717
0.986831761006
0.989386792453
0.993907232704
0.985849056604
0.968160377358
0.990369496855
0.806996855346
0.983687106918
0.98054245283
0.793238993711
0.428459119497
0.829205974843
0.795990566038
0.908411949686
0.616352201258
0.396226415094
0.77358490566
0.982507861635
0.549921383648
0.976022012579
0.93376572327
0.912539308176
0.973466981132
0.932193396226
0.979166666667
0.491548742138
0.776729559748
0.560534591195
0.97268081761
0.939465408805
0.911163522013
0.923152515723
0.588246855346
0.986831761006
0.728380503145
0.988993710692
0.579795597484
0.989976415094
0.972091194969
0.979363207547
0.987028301887
0.758254716981
0.766312893082
0.990959119497
0.986831761006
0.974842767296
0.988011006289
0.980935534591
0.559551886792
0.968356918239
0.462067610063
0.64072327044
0.710102201258
0.96501572327
0.768671383648
0.983490566038
0.954402515723
0.88286163522
0.778301886792
0.91784591195
0.96108490566
0.431800314465
0.496855345912
0.476808176101
0.373624213836
0.423742138365
0.64072327044
0.85161163522
0.869300314465
0.952830188679
0.916273584906
0.705778301887
0.388561320755
0.66018081761
0.364583333333
0.51945754717
0.902122641509
0.95302672956
0.755699685535
0.949882075472
0.981328616352
0.98820754717
0.505503144654
0.643278301887
0.660377358491
0.605935534591
0.303066037736
0.403694968553
0.70302672956
0.94929245283
0.96088836478
0.936517295597
0.612814465409
0.98034591195
0.957547169811
0.951061320755
0.59375
0.370676100629
0.305621069182
0.633058176101
0.676886792453
0.563875786164
0.65231918239
0.389740566038
0.633058176101
0.857704402516
0.885220125786
0.397012578616
0.506878930818
0.579992138365
0.39465408805
0.724056603774
0.903105345912
0.536753144654
0.98840408805
0.977397798742
0.889150943396
0.797562893082
0.343946540881
0.323506289308
0.360259433962
0.509630503145
0.39445754717
0.954009433962
0.990369496855
0.508058176101
0.984866352201
0.928262578616
0.887775157233
0.646029874214
0.35947327044
0.492924528302
0.488993710692
0.714033018868
0.495676100629
0.861635220126
0.921187106918
0.741941823899
0.907429245283
0.96481918239
0.322130503145
0.463836477987
0.545007861635
0.693985849057
0.498034591195
0.897012578616
0.985062893082
0.927869496855
0.988600628931
0.813089622642
0.849842767296
0.707940251572
0.702437106918
0.407429245283
0.578419811321
0.923545597484
0.872838050314
0.989583333333
0.872248427673
0.988797169811
0.929441823899
0.680817610063
0.88679245283
0.974253144654
0.979166666667
0.885613207547
0.886202830189
0.971108490566
0.986438679245
0.986242138365
0.73034591195
0.89838836478
0.794221698113
0.880699685535
0.82016509434
0.897798742138
0.990762578616
0.841391509434
0.900943396226
0.891509433962
0.559551886792
0.397798742138
0.706367924528
0.720322327044
0.804441823899
0.662342767296
0.985849056604
0.982311320755
0.921187106918
0.851808176101
0.840605345912
0.927869496855
0.976022012579
0.521422955975
0.645833333333
0.769064465409
0.778498427673
0.977397798742
0.935927672956
0.979559748428
0.948309748428
0.986045597484
0.836477987421
0.941037735849
0.976808176101
0.662342767296
0.674135220126
0.692413522013
0.622051886792
0.468356918239
0.338836477987
0.953812893082
0.915487421384
0.786556603774
0.888364779874
0.37893081761
0.610259433962
0.470322327044
0.439661949686
0.0495283018868
0.0365566037736
0.0326257861635
0.655660377358
0.888561320755
0.924724842767
0.989779874214
0.989976415094
0.992531446541
0.792059748428
0.860062893082
0.989386792453
0.787342767296
0.977790880503
0.799331761006
0.805227987421
0.594929245283
0.462853773585
0.95322327044
0.977004716981
0.989386792453
0.957940251572
0.928852201258
0.971698113208
0.908805031447
0.638561320755
0.666077044025
0.966981132075
0.981132075472
0.979363207547
0.755110062893
0.973270440252
0.89052672956
0.975825471698
0.617727987421
0.978577044025
0.961281446541
0.858097484277
0.635023584906
0.971305031447
0.978970125786
0.982900943396
0.982704402516
0.986045597484
0.992727987421
0.978773584906
0.99213836478
0.94123427673
0.98034591195
0.988797169811
0.971894654088
0.962067610063
0.633451257862
0.85161163522
0.970911949686
0.99213836478
0.990959119497
0.971894654088
0.990172955975
0.971894654088
0.964033018868
0.658608490566
0.638168238994
0.897209119497
0.976808176101
0.659198113208
0.817610062893
0.989190251572
0.977790880503
0.977397798742
0.981721698113
0.970125786164
0.917452830189
0.870086477987
0.985062893082
0.970125786164
0.36340408805
0.369300314465
0.485849056604
0.705581761006
0.905070754717
0.955188679245
0.723860062893
0.886988993711
0.584119496855
0.813679245283
0.80463836478
0.852201257862
0.456564465409
0.719143081761
0.829992138365
0.483687106918
0.521816037736
0.0184748427673
0.0210298742138
0.0210298742138
0.0450078616352
0.0408805031447
0.03125
0.0404874213836
0.0534591194969
0.0204402515723
0.0200471698113
0.0194575471698
0.417059748428
0.416863207547
0.713050314465
0.673938679245
0.383058176101
0.897012578616
0.818985849057
0.853380503145
0.559944968553
0.867531446541
0.802083333333
0.358490566038
0.932193396226
0.962657232704
0.727397798742
0.665094339623
0.962853773585
0.988600628931
0.770636792453
0.815841194969
0.901139937107
0.537735849057
0.688482704403
0.948113207547
0.977594339623
0.98840408805
0.920597484277
0.711281446541
0.482507861635
0.368121069182
0.367531446541
0.967963836478
0.977790880503
0.754323899371
0.985652515723
0.951847484277
0.985849056604
0.992924528302
0.946933962264
0.986438679245
0.841194968553
0.990566037736
0.903301886792
0.988797169811
0.983883647799
0.909787735849
0.964426100629
0.616155660377
0.47248427673
0.91411163522
0.988993710692
0.993907232704
0.988011006289
0.983490566038
0.930227987421
0.636006289308
0.385416666667
0.979363207547
0.573702830189
0.985062893082
0.988600628931
0.98840408805
0.977201257862
0.985259433962
0.912735849057
0.986831761006
0.98820754717
0.977594339623
0.937893081761
0.936713836478
0.987617924528
0.991352201258
0.987617924528
0.932783018868
0.992727987421
0.901139937107
0.988600628931
0.992727987421
0.986635220126
0.991155660377
0.952437106918
0.731721698113
0.857114779874
0.836477987421
0.948899371069
0.856721698113
0.986242138365
0.0357704402516
0.973860062893
0.995283018868
0.985849056604
0.988797169811
0.936910377358
0.909198113208
0.805817610063
0.989386792453
0.789701257862
0.991352201258
0.969536163522
0.975039308176
0.831761006289
0.821147798742
0.850235849057
0.966981132075
0.979166666667
0.896422955975
0.940055031447
0.981132075472
0.85534591195
0.983687106918
0.899567610063
0.99213836478
0.988600628931
0.994103773585
0.968160377358
0.876768867925
0.983490566038
0.974842767296
0.486045597484
0.852004716981
0.750786163522
0.634040880503
0.981918238994
0.877751572327
0.893474842767
0.976218553459
0.92570754717
0.827633647799
0.765330188679
0.857900943396
0.966981132075
0.978577044025
0.942413522013
0.982311320755
0.990172955975
0.919614779874
0.978577044025
0.987224842767
0.981721698113
0.409787735849
0.733687106918
0.838443396226
0.621855345912
0.710298742138
0.919221698113
0.833333333333
0.880699685535
0.924331761006
0.722877358491
0.777908805031
0.803459119497
0.391116352201
0.374017295597
0.775746855346
0.0379323899371
0.0589622641509
0.0583726415094
0.0589622641509
0.0381289308176
0.0554245283019
0.0491352201258
0.0424528301887
0.0454009433962
0.0229952830189
0.0540487421384
0.0591588050314
0.0593553459119
0.0564072327044
0.0375393081761
0.0479559748428
0.0546383647799
0.0367531446541
0.0591588050314
0.0546383647799
0.0465801886792
0.0349842767296
0.0442216981132
0.0573899371069
0.0414701257862
0.0595518867925
0.0389150943396
0.0595518867925
0.0383254716981
0.032429245283
0.0420597484277
0.0542452830189
0.0591588050314
0.0349842767296
0.0546383647799
0.0420597484277
0.0259433962264
0.0532625786164
0.0595518867925
0.0432389937107
0.0206367924528
0.0345911949686
0.0499213836478
0.0538522012579
0.0381289308176
0.0589622641509
0.0593553459119
0.763561320755
0.986045597484
0.98820754717
0.954402515723
0.954205974843
0.978183962264
0.583726415094
0.982311320755
0.990762578616
0.997641509434
0.995479559748
0.960298742138
0.994103773585
0.987421383648
0.690055031447
0.880110062893
0.982114779874
0.97248427673
0.969536163522
0.983294025157
0.972877358491
0.993514150943
0.993514150943
0.989976415094
0.930031446541
0.98427672956
0.968553459119
0.990369496855
0.988600628931
0.95302672956
0.632468553459
0.90625
0.964622641509
0.982114779874
0.970911949686
0.987814465409
0.927672955975
0.630896226415
0.936320754717
0.982704402516
0.98034591195
0.779677672956
0.757468553459
0.884827044025
0.892885220126
0.988600628931
0.979363207547
0.978183962264
0.994889937107
0.975235849057
0.994889937107
0.88679245283
0.878341194969
0.740762578616
0.773977987421
0.688089622642
0.987617924528
0.986635220126
0.988797169811
0.985062893082
0.981132075472
0.947916666667
0.98840408805
0.985455974843
0.869103773585
0.92983490566
0.987814465409
0.986831761006
0.991352201258
0.970518867925
0.515919811321
0.775157232704
0.541273584906
0.668238993711
0.622051886792
0.382075471698
0.672562893082
0.627358490566
0.754127358491
0.92570754717
0.986438679245
0.951847484277
0.735849056604
0.820558176101
0.629913522013
0.815251572327
0.356721698113
0.717570754717
0.477397798742
0.302869496855
0.296383647799
0.48054245283
0.718946540881
0.632075471698
0.766312893082
0.369300314465
0.763561320755
0.785377358491
0.941037735849
0.883254716981
0.811910377358
0.61340408805
0.449882075472
0.396619496855
0.774371069182
0.658608490566
0.814268867925
0.987617924528
0.984080188679
0.860849056604
0.975235849057
0.972091194969
0.922759433962
0.570558176101
0.61713836478
0.444575471698
0.872838050314
0.488993710692
0.500589622642
0.933372641509
0.952633647799
0.376768867925
0.540094339623
0.541863207547
0.933372641509
0.981328616352
0.985455974843
0.983883647799
0.994300314465
0.994300314465
0.986242138365
0.990369496855
0.983883647799
0.722091194969
0.962657232704
0.83981918239
0.977397798742
0.990369496855
0.927672955975
0.693985849057
0.944575471698
0.993121069182
0.931014150943
0.992727987421
0.925117924528
0.958922955975
0.979756289308
0.891902515723
0.693199685535
0.995872641509
0.989976415094
0.731328616352
0.635416666667
0.881289308176
0.973860062893
0.886988993711
0.982114779874
0.665880503145
0.947523584906
0.953812893082
0.790683962264
0.919418238994
0.915290880503
0.992924528302
0.644064465409
0.82822327044
0.469929245283
0.797562893082
0.717177672956
0.40998427673
0.98820754717
0.997444968553
0.990566037736
0.973860062893
0.795204402516
0.855149371069
0.986438679245
0.985455974843
0.945754716981
0.895047169811
0.975825471698
0.860455974843
0.853380503145
0.815251572327
0.820951257862
0.974646226415
0.964033018868
0.995676100629
0.995872641509
0.986831761006
0.984669811321
0.989976415094
0.923349056604
0.506289308176
0.464033018868
0.608294025157
0.658411949686
0.0463836477987
0.0575864779874
0.985259433962
0.993907232704
0.620479559748
0.64052672956
0.895047169811
0.669025157233
0.991548742138
0.341194968553
0.43356918239
0.922366352201
0.958529874214
0.392295597484
0.961674528302
0.475235849057
0.323899371069
0.639150943396
0.642099056604
0.981132075472
0.662539308176
0.700275157233
0.987814465409
0.681014150943
0.684748427673
0.408805031447
0.711674528302
0.69143081761
0.878144654088
0.971108490566
0.919025157233
0.292059748428
0.9375
0.990762578616
0.881289308176
0.98427672956
0.537932389937
0.744889937107
0.549528301887
0.299724842767
0.0593553459119
0.059748427673
0.0573899371069
0.0473663522013
0.653301886792
0.597287735849
0.472287735849
0.561517295597
0.666666666667
0.968356918239
0.623427672956
0.797955974843
0.983097484277
0.983883647799
0.995086477987
0.85947327044
0.935534591195
0.83588836478
0.979756289308
0.996462264151
0.0573899371069
0.786949685535
0.981525157233
0.331367924528
0.72641509434
0.921187106918
0.576454402516
0.943199685535
0.99233490566
0.994693396226
0.849842767296
0.991745283019
0.991941823899
0.88659591195
0.833726415094
0.965998427673
0.965998427673
0.557389937107
0.909001572327
0.727201257862
0.324685534591
0.963639937107
0.790487421384
0.0573899371069
0.990959119497
0.994889937107
0.984866352201
0.947916666667
0.485455974843
0.551493710692
0.994300314465
0.987224842767
0.994693396226
0.79677672956
0.994889937107
0.803262578616
0.905856918239
0.924135220126
0.993317610063
0.992531446541
0.996462264151
0.99606918239
0.991941823899
0.983687106918
0.853183962264
0.919811320755
0.958726415094
0.801100628931
0.663522012579
0.60161163522
0.771422955975
0.983687106918
0.981918238994
0.993317610063
0.928852201258
0.827240566038
0.176297169811
0.959316037736
0.656839622642
0.769064465409
0.573899371069
0.644850628931
0.81643081761
0.956761006289
0.931210691824
0.944575471698
0.970911949686
0.99233490566
0.955188679245
0.98820754717
0.98427672956
0.896226415094
0.86320754717
0.979952830189
0.96875
0.898191823899
0.96501572327
0.841784591195
0.858097484277
0.943003144654
0.833136792453
0.851808176101
0.720518867925
0.905463836478
0.956564465409
0.926886792453
0.931014150943
0.77358490566
0.923742138365
0.928655660377
0.841784591195
0.92590408805
0.914308176101
0.922169811321
0.879323899371
0.89838836478
0.898191823899
0.893474842767
0.878341194969
0.875786163522
0.873231132075
0.85927672956
0.821737421384
0.48427672956
0.42983490566
0.553852201258
0.692610062893
0.714229559748
0.422169811321
0.605149371069
0.379913522013
0.382075471698
0.72661163522
0.694575471698
0.498427672956
0.359669811321
0.590998427673
0.56623427673
0.286163522013
0.302869496855
0.374803459119
0.345125786164
0.50766509434
0.624213836478
0.60534591195
0.358097484277
0.630306603774
0.708529874214
0.658215408805
0.643278301887
0.404481132075
0.461871069182
0.430817610063
0.321737421384
0.458922955975
0.211674528302
0.223466981132
0.384827044025
0.319772012579
0.499803459119
0.359080188679
0.38266509434
0.19929245283
0.325864779874
0.425314465409
0.274174528302
0.25373427673
0.39838836478
0.27338836478
0.510613207547
0.225825471698
0.568985849057
0.342963836478
0.50766509434
0.497051886792
0.447523584906
0.26179245283
0.20322327044
0.393081761006
0.213443396226
0.283411949686
0.251572327044
0.286163522013
0.349449685535
0.417649371069
0.383058176101
0.514937106918
0.271226415094
0.402712264151
0.433176100629
0.489976415094
0.470715408805
0.374606918239
0.303459119497
0.309158805031
0.403694968553
0.392099056604
0.385809748428
0.383058176101
0.374017295597
0.365959119497
0.364583333333
0.354952830189
0.357311320755
0.354756289308
0.352397798742
0.348270440252
0.346108490566
0.342570754717
0.337657232704
0.334119496855
0.156643081761
0.295597484277
0.275550314465
0.154481132075
0.148191823899
0.134827044025
0.0483490566038
0.0459905660377
0.0797955974843
0.0882468553459
0.0878537735849
0.0864779874214
0.0428459119497
0.0426493710692
0.0805817610063
0.0801886792453
0.063679245283
0.0744889937107
0.0754716981132
0.0693789308176
0.0756682389937
0.0744889937107
0.0746855345912
0.0744889937107
0.0662342767296
0.064072327044
0.0670204402516
0.0656446540881
0.065251572327
0.064858490566
0.0619103773585
0.060927672956
0.0581761006289
